-0.35200575
-0.58374655
-0.21451184
-0.3924251
-0.56131893
-1.0212164
-1.1979884
-0.37489802
-0.2461661
-0.25196198
-0.40493882
-0.6727406
-0.5250087
-0.5588169
-0.29819563
-0.1081023
-0.43652707
-0.3905191
-0.3402396
-0.0626186
-0.3310079
-0.28625488
-0.28520247
-0.23649235
-0.37885413
-0.5061443
0.06417902
-0.17473671
-0.55393356
-0.230871
-0.987731
-0.30077362
-0.0056924364
-0.33809468
-0.2926352
-0.14468813
-0.56380635
-0.10328061
-0.30470496
-0.9994857
-0.52858055
-0.8974709
-0.52864546
-0.026963161
0.012418544
-0.55952156
-0.22140236
-0.58411366
-0.19538
-0.25133553
-0.24808003
-0.4010924
-0.07287933
0.09966659
-0.45804107
-0.7609127
-0.40134865
-1.2764103
-0.473138
-0.6790791
-0.065470874
-0.6618755
-0.2242404
-1.1876104
-0.57244974
-0.44379538
0.107354134
0.019298175
-0.27613005
-0.38087475
-0.5845609
-0.2214423
-0.29583237
-0.65175116
-0.3436319
-0.49956855
-0.8838893
-0.17178208
-0.043061785
-0.47827896
-0.49998567
-0.04206758
-0.28649765
-0.49778453
-0.35878265
-0.33386546
-0.1814969
-0.10874496
-0.71337986
-0.1838548
-0.36284006
-0.51994056
-0.5198681
-0.29783127
-0.061329108
0.019721461
-0.20417063
-0.6473402
-0.19256683
-0.4753724
-0.5835824
-0.5813078
-0.42249137
0.0068230033
-0.49025965
-0.17373753
-0.3190452
-0.30753043
-0.72802347
-0.21827921
-0.12421169
-0.4433172
-0.024559444
-0.64268464
-0.58837587
0.083752036
-1.0884923
-0.23325743
-0.18053523
-1.4983584
-0.57002157
-0.64158624
-0.39131498
0.05275134
-0.41071013
-0.716477
-0.67556095
0.09348725
-0.019734843
-0.308361
-0.38887423
-0.47162563
-0.3636431
-0.4712748
-0.06884021
-0.3293065
-1.3600366
-0.39835414
-0.5383716
-0.11563333
-0.49146459
-0.558525
0.19950847
-0.3717759
-0.043467265
-0.35044712
-0.24876437
-0.53815776
-0.7082218
-0.65861964
-0.37984058
-0.90902454
-0.33885568
-0.27136374
-0.5138044
-0.36293614
-0.32650828
-0.23706897
-0.5207639
-0.673044
-0.52919865
-0.02332835
-0.42160603
0.051354162
-0.04531168
-0.19195376
-0.51462054
-0.108971156
-0.74043036
-0.31612316
-0.16863625
-0.1096376
-0.9801563
0.309381
-0.65232724
-0.6326603
-0.30422255
-0.3869632
-0.34950647
-0.5295796
0.37059906
-0.5115821
-0.26391453
-0.3886844
-0.30631265
-0.2762937
-0.2515083
-0.21216206
0.0687759
-0.2410042
-0.24565104
-0.73431915
-0.1098417
-0.4162029
-0.30798134
-0.13700396
0.09209244
-0.33251032
-0.18475538
-0.032622654
-0.38830233
-0.18871938
-0.545121
-0.38849816
-0.14697254
-0.43314657
-0.53986
-0.29658684
-0.05061132
-0.6270271
-0.53473383
-0.5182316
-0.5212307
-0.016624887
-0.3803083
-0.18476717
-0.38545057
-0.55469346
-0.105051965
-0.5131789
-0.39215568
-0.06936459
-0.03240663
-0.17187396
-0.33511683
-0.20266682
-0.31410807
-0.42842436
0.054873597
-0.66343534
-0.36120835
-0.5765644
-0.5253463
-0.3183845
-0.31775087
-0.9546264
-0.39901844
0.09606326
-0.35169756
-0.3114449
-0.46691015
-0.5578816
-0.2491662
-0.43239024
-0.20940629
-0.6941222
-0.49100497
-0.8270574
-0.35838303
-0.47024167
-0.38873702
-0.16835485
-0.36439508
0.18692158
-0.16952367
-0.35099605
