1.4317008
0.14060959
-0.29506412
0.93775135
0.4383325
-0.6370733
0.47691536
0.33218184
0.32031596
0.49240056
0.20895334
0.45083702
0.13558456
0.31619963
0.27968577
-1.0103976
0.43926442
1.1749398
0.31181768
-1.8539277
0.4173888
0.94659054
0.5035827
0.3108526
0.17989707
-3.2522898
0.062419854
0.0011616132
0.3639726
1.0748539
0.22894312
1.2295655
0.58927214
0.28281334
0.73220354
-0.15393907
0.25298786
0.30747333
-0.38012567
0.65275925
0.7047486
0.32249317
0.35592312
0.37726706
0.24085706
0.10892183
0.16824773
0.9052038
0.3358849
0.27156797
0.21759307
0.39441162
0.1548922
-0.17973882
0.3854596
0.44018587
0.3979573
0.15760598
0.37719607
0.16335039
-0.03483645
0.06338631
-0.12182196
0.3139201
