-0.0012818404
-0.01787852
0.047760412
-0.15419772
0.0043458072
0.044635717
-0.025122778
-0.018765729
-0.13980116
-0.028456163
0.23108271
-0.029485255
-0.14514308
-0.13363585
-0.07227534
0.015108528
0.008311179
0.12512748
-0.0014913161
0.08822636
-0.031540353
-0.08709294
-0.00047983474
-0.26947305
-0.0144188
0.48807445
-0.02022712
-0.11619369
-0.008803451
0.033855736
0.11175966
-0.08044797
-0.016208641
0.00038522464
-0.0014410563
-0.0058110477
-0.02821707
-0.0013668534
-3.7183177e-05
-0.06666016
-0.0005568648
0.27285987
0.10173755
0.08643968
-0.14629036
-0.018261284
0.13526654
-0.037580315
0.01616166
-0.047581155
0.08505445
-0.008336625
-0.079538144
-0.042509396
-0.011301404
-0.027142327
-0.00011936204
0.12598413
0.027124958
0.118674174
0.07682114
-0.0024456657
0.042307
-0.082488306
0.17815025
-0.05733209
0.047328472
0.008693194
-0.087243475
-0.0018450572
0.00073830073
0.024165772
-0.0010901205
0.010260145
0.042459313
-0.036952496
-0.006064795
-0.13255155
0.068083376
0.06595189
-0.06037326
-0.0023274468
1.4769937e-05
0.038615715
-0.11533984
-0.0032859517
-0.00040036853
-0.19613944
-0.098213546
-0.09062837
-0.0467588
0.015350229
0.052979752
-0.00073879363
-0.05314676
-0.2708434
0.104825206
0.15132032
-0.0885071
-0.08364348
-0.013900346
-0.028766833
-0.0004240029
-0.0015272162
-0.142257
0.021953827
-0.0021305177
-0.027084494
-0.0017874623
-0.29422912
0.016194625
-0.08903364
-0.05671842
0.074640356
0.17252374
-0.03854032
0.38808924
0.027535116
-0.056188475
-0.048377566
-0.0010360685
-0.07653587
-0.06755532
-0.001623709
-0.015119911
0.569956
-0.0041735047
-0.00096877234
-0.022092203
0.038852096
-0.06554922
0.049266562
-0.00087313086
0.0013614123
0.020570014
-0.025312215
0.01551309
-0.00023760782
0.026721915
-0.020176413
-0.022071475
0.0007045874
0.017504536
-6.744605e-05
0.0005044646
-0.06876876
-0.2336547
0.2003102
0.30046535
-0.13146244
-0.055667754
0.38758662
-0.11441669
-0.0013494577
-0.037797984
-0.060282785
-0.0024310385
-0.06711672
-0.0018867926
0.044909023
0.024848944
0.1095086
-0.100227036
-0.0029014747
0.014696033
-0.00056987733
0.14384353
-0.0014347376
0.029682396
-0.021076135
-0.0775725
-0.001129131
0.46921244
-0.17298786
-0.018672902
-0.12820995
-0.23325697
-0.030397804
-0.0070500732
-0.29717094
-0.1047374
-0.054127857
-0.23413931
-0.0091645345
-0.00032523964
0.006072419
0.019535622
-0.089955136
0.044067632
0.0007124861
-0.10416122
0.00028386724
0.17744467
0.00073162734
-0.110832125
-0.0009644782
-0.0015336146
-0.009649814
-0.011464445
-0.12739566
0.1501361
0.22544843
-0.00028887787
-0.01440456
0.03566808
-0.10843471
0.03289712
-0.033933375
-0.03477077
-0.002095741
-0.00069771317
-0.08496278
-0.028691376
-0.00036740745
0.0138108255
-0.038563084
-0.0016293881
-0.016755864
-0.019357292
0.008571303
0.3831753
-0.030820323
-0.11630424
0.041781064
-0.0014592218
-0.004545507
-0.00026164818
-0.0007135699
0.074628316
-0.048508566
-0.00256172
0.045495603
0.057788994
-0.09138656
-0.009165262
0.4521106
-0.059044607
0.1875092
-0.034144703
-0.0005607683
0.026316684
-0.108146004
0.08918857
-0.0026936494
-0.02164951
-0.09685582
-0.0018479358
-0.0007971742
-0.04653462
0.20044133
-0.08213079
-0.10042813
-0.0016603564
-0.028952422
0.10539665
0.08595194
